"0","library(gsheet)"
"0","library(tidyverse)"
"1","── [1mAttaching core tidyverse packages[22m ────────────────────────────────────────────────────────────────────────────── tidyverse 2.0.0 ──
[32m✔[39m [34mdplyr    [39m 1.1.4     [32m✔[39m [34mreadr    [39m 2.1.5
[32m✔[39m [34mforcats  [39m 1.0.0     [32m✔[39m [34mstringr  [39m 1.5.1
[32m✔[39m [34mggplot2  [39m 3.5.1     [32m✔[39m [34mtibble   [39m 3.2.1
[32m✔[39m [34mlubridate[39m 1.9.3     [32m✔[39m [34mtidyr    [39m 1.3.1
[32m✔[39m [34mpurrr    [39m 1.0.2     
"
"1","── [1mConflicts[22m ──────────────────────────────────────────────────────────────────────────────────────────────── tidyverse_conflicts() ──
[31m✖[39m [34mdplyr[39m::[32mfilter()[39m masks [34mstats[39m::filter()
[31m✖[39m [34mdplyr[39m::[32mlag()[39m    masks [34mstats[39m::lag()
[36mℹ[39m Use the ]8;;http://conflicted.r-lib.org/conflicted package]8;; to force all conflicts to become errors
"
"0","library(car)"
"2","Carregando pacotes exigidos: carData
"
"2","
Anexando pacote: ‘car’

"
"2","O seguinte objeto é mascarado por ‘package:dplyr’:

    recode

"
"2","O seguinte objeto é mascarado por ‘package:purrr’:

    some

"
"0","library(DHARMa)"
"2","This is DHARMa 0.4.6. For overview type '?DHARMa'. For recent changes, type news(package = 'DHARMa')
"
"0","library(performance)"
"0","library(ggthemes)"
"0","library(emmeans)"
"0","library(multcomp)"
"2","Carregando pacotes exigidos: mvtnorm
"
"2","Carregando pacotes exigidos: survival
"
"2","Carregando pacotes exigidos: TH.data
"
"2","Carregando pacotes exigidos: MASS
"
"2","
Anexando pacote: ‘MASS’

"
"2","O seguinte objeto é mascarado por ‘package:dplyr’:

    select

"
"2","
Anexando pacote: ‘TH.data’

"
"2","O seguinte objeto é mascarado por ‘package:MASS’:

    geyser

"
"0","library(multcompView)"
"0","library(epifitter)"
"0","library(AgroR)"
"2","
Anexando pacote: ‘AgroR’

"
"2","O seguinte objeto é mascarado por ‘package:dplyr’:

    desc

"
